42 16 7 4 3 2 1 6 5 4 3 2 1 10 5 4 3 2 1 9 8 7 6 5 4 3 2 1 31 10 9 8 7 6 5 4 3 2 1 22 8 7 6 5 4 3 2 1 21 20 19 18 17 16 15 14 13 12 11 10 9 8 7 6 5 4 3 2 1
40 16 6 4 3 2 1 5 4 3 2 1 10 5 4 3 2 1 9 8 7 6 5 4 3 2 1 29 10 9 8 7 6 5 4 3 2 1 21 7 6 5 4 3 2 1 20 19 18 17 16 15 14 13 12 11 10 9 8 7 6 5 4 3 2 1
24 9 5 3 2 1 4 3 2 1 8 7 6 5 4 3 2 1 16 7 6 5 4 3 2 1 15 14 13 12 11 10 9 8 7 6 5 4 3 2 1
20 8 5 4 3 2 1 7 6 5 4 3 2 1 13 6 5 4 3 2 1 12 11 10 9 8 7 6 5 4 3 2 1
17 7 5 4 3 2 1 6 5 4 3 2 1 11 5 4 3 2 1 10 9 8 7 6 5 4 3 2 1
16 7 4 3 2 1 6 5 4 3 2 1 10 5 4 3 2 1 9 8 7 6 5 4 3 2 1
12 7 4 3 2 1 6 5 4 3 2 1 11 10 9 8 7 6 5 4 3 2 1
10 6 4 3 2 1 5 4 3 2 1 9 8 7 6 5 4 3 2 1
10 5 3 2 1 4 3 2 1 9 8 7 6 5 4 3 2 1
9 5 3 2 1 4 3 2 1 8 7 6 5 4 3 2 1
