43 15 7 3 2 1 2 1 4 2 1 3 2 1 10 4 3 2 1 7 2 1 5 1 4 3 2 1 31 9 2 1 7 1 6 5 4 3 2 1 24 6 5 4 3 2 1 19 4 3 2 1 15 3 2 1 12 2 1 10 1 9 8 7 6 5 4 3 2 1
42 15 7 3 2 1 2 1 4 2 1 3 2 1 10 4 3 2 1 7 2 1 5 1 4 3 2 1 31 8 2 1 6 1 5 4 3 2 1 25 5 4 3 2 1 19 5 4 3 2 1 15 3 2 1 12 2 1 10 1 9 8 7 6 5 4 3 2 1
39 14 6 3 1 2 1 4 1 3 2 1 10 3 2 1 7 2 1 5 1 4 3 2 1 28 8 2 1 6 1 5 4 3 2 1 22 5 4 3 2 1 17 4 3 2 1 13 3 2 1 10 2 1 9 8 7 6 5 4 3 2 1
38 13 6 3 1 2 1 4 1 3 2 1 9 3 2 1 6 2 1 4 1 3 2 1 29 6 2 1 5 4 3 2 1 23 5 4 3 2 1 18 4 3 2 1 14 3 2 1 11 2 1 9 1 8 7 6 5 4 3 2 1
30 13 5 2 1 1 3 1 2 1 9 3 2 1 6 2 1 4 1 3 2 1 22 6 1 5 4 3 2 1 17 4 3 2 1 13 3 2 1 10 2 1 8 1 7 6 5 4 3 2 1
25 9 5 2 1 1 3 1 2 1 6 2 1 4 1 3 2 1 18 5 1 4 3 2 1 13 4 3 2 1 9 3 2 1 7 1 6 5 4 3 2 1
23 9 5 2 1 3 1 2 1 6 2 1 4 1 3 2 1 16 5 1 4 3 2 1 12 3 2 1 9 2 1 7 1 6 5 4 3 2 1
21 8 4 2 1 2 1 1 5 2 1 3 1 2 1 15 4 1 3 2 1 11 3 2 1 8 2 1 6 1 5 4 3 2 1
18 8 4 2 1 2 1 1 5 2 1 3 1 2 1 12 4 1 3 2 1 8 3 2 1 6 1 5 4 3 2 1
18 7 3 2 1 2 1 4 2 1 3 2 1 13 4 3 2 1 9 3 2 1 6 2 1 5 4 3 2 1
16 7 3 2 1 2 1 4 2 1 3 2 1 11 4 3 2 1 7 3 2 1 5 1 4 3 2 1
15 6 3 2 1 2 1 4 1 3 2 1 10 4 3 2 1 7 2 1 5 1 4 3 2 1
14 6 3 2 1 2 1 4 1 3 2 1 10 3 2 1 7 2 1 5 1 4 3 2 1
14 6 3 1 2 1 4 1 3 2 1 10 3 2 1 7 2 1 5 1 4 3 2 1
13 6 3 1 2 1 4 1 3 2 1 9 3 2 1 6 2 1 4 1 3 2 1
12 5 2 1 1 3 1 2 1 8 3 2 1 5 2 1 4 3 2 1
10 5 2 1 1 3 1 2 1 7 2 1 5 1 4 3 2 1
9 5 2 1 3 1 2 1 6 2 1 4 1 3 2 1
